AA,0.583566629339,0.584406494961,0.581187010078,0.635031728257,0.759191862635,0.581980216499,0.635405001866,0.568169092945,0.770856662934,0.652388951101,0.601437103397,0.581840238895,0.768617021277,0.582353490108,0.63008585293,0.759565136245,0.650989175065,0.579833893244,0.768523702874,0.755132512131,0.644830160508
IY,0.280801316611,0.196157993303,0.187248169797,0.284773849384,0.390414845922,0.35942909029,0.379830883605,0.340105555871,0.440440383633,0.374723341468,0.334771011861,0.264967935985,0.428352533908,0.277453038988,0.341268940469,0.428863288122,0.341921570853,0.345071221838,0.472788150502,0.436127348051,0.346489983542
R,0.960604723019,0.95901566983,0.959479143677,0.960384021187,0.960008828073,0.960229529905,0.959920547341,0.960317810638,0.960494372103,0.960097108806,0.959611564776,0.959942617524,0.960494372103,0.961001986316,0.960030898256,0.959810196425,0.958993599647,0.961200617965,0.959103950563,0.960494372103,0.960516442286
CH,0.959265890779,0.963070725157,0.959265890779,0.959042076992,0.961727842435,0.960161145927,0.958818263205,0.943598925694,0.922784243509,0.958370635631,0.927260519248,0.961056401074,0.957251566697,0.959042076992,0.956356311549,0.945165622202,0.960832587287,0.904207699194,0.944046553268,0.896150402865,0.95702775291
AE,0.990871225269,0.997952099965,0.237556404026,0.943873654981,0.997674418605,0.849496702534,0.99146129816,0.994515793127,0.993439777855,0.997188476224,0.996528982992,0.277889621659,0.998229781326,0.907775078098,0.955466851788,0.652898299202,0.980145782714,0.93911836168,0.971572370705,0.920305449497,0.944533148212
EH,0.870735857082,0.877286261165,0.87154402382,0.793492131008,0.827775414717,0.685963419821,0.872267120374,0.872224585283,0.824712888133,0.79413015738,0.687664823479,0.871033602722,0.830625265844,0.685665674181,0.793066780094,0.831135686942,0.79089749043,0.684900042535,0.868013611229,0.731475967673,0.791833262442
DH,0.821065989848,0.861675126904,0.453045685279,0.968274111675,0.82614213198,0.469543147208,0.996192893401,0.918781725888,0.861675126904,0.991116751269,0.998730964467,0.927664974619,0.899746192893,0.931472081218,0.865482233503,0.564720812183,0.447969543147,0.766497461929,0.998730964467,0.60152284264,0.455583756345
P,0.972942442173,0.970037654653,0.972781065089,0.97353415815,0.973372781065,0.767348036579,0.973695535234,0.975147928994,0.973050026896,0.972673480366,0.778321678322,0.972027972028,0.974072081764,0.760247444863,0.972942442173,0.972404518558,0.972888649812,0.759010220549,0.973749327595,0.762291554599,0.766487358795
AH,0.231203476525,0.272788705452,0.263775107082,0.243450326444,0.264315715058,0.230714850085,0.253316422007,0.277924481224,0.322337505718,0.277175947104,0.274483303531,0.292552085499,0.279036886098,0.271042125837,0.256050650809,0.29281199318,0.253399592465,0.271645111656,0.326132157858,0.279691853454,0.277259117561
OW,0.687533345189,0.542059398897,0.443357638271,0.693817060881,0.777639456992,0.789258402988,0.800521666963,0.767976762108,0.808346671409,0.793052344537,0.806212579287,0.542533641591,0.80040310629,0.490307664948,0.760092477325,0.795838520363,0.746043037524,0.798980378209,0.802477918075,0.704131839469,0.614025727666
AO,0.657095980312,0.738583538419,0.735302160241,0.710555099809,0.802160240634,0.526251025431,0.704129067542,0.688269073011,0.792042657916,0.736395952967,0.54881050041,0.432731747334,0.817746786984,0.614164615805,0.756767842494,0.808039376538,0.714109926169,0.555509980859,0.802296964725,0.755400601586,0.597894449002
IH,0.664520729347,0.720505246002,0.721197921972,0.513313639605,0.721625751248,0.430599979627,0.665193032495,0.66553937048,0.715799123969,0.712580217989,0.703819904248,0.723479678109,0.720077416726,0.432800244474,0.512600590812,0.723500050932,0.514373026383,0.431374146888,0.725944789651,0.720545991647,0.510930019354
HH,0.996319018405,0.99463190184,0.995552147239,0.994785276074,0.973006134969,0.995552147239,0.996012269939,0.99463190184,0.973466257669,0.996625766871,0.994938650307,0.995552147239,0.973159509202,0.99463190184,0.995858895706,0.972239263804,0.995705521472,0.995245398773,0.973006134969,0.98036809816,0.995705521472
EY,0.688517745303,0.641694005368,0.643125559201,0.595168505816,0.694363256785,0.477482851178,0.680763495377,0.686251118401,0.65392186102,0.590396659708,0.477303906949,0.681837160752,0.667283030122,0.535222189084,0.613062928721,0.665612883984,0.591708917387,0.582344169401,0.586579182821,0.483149418431,0.58121085595
AW,0.563583252191,0.565335929893,0.571957156767,0.562025316456,0.658812074002,0.435443037975,0.575851996105,0.56864654333,0.649853943525,0.575267770204,0.440506329114,0.578383641675,0.655501460565,0.430574488802,0.575073028238,0.641674780915,0.534761441091,0.416358325219,0.650632911392,0.468549172347,0.459980525803
AY,0.76436249733,0.796896134406,0.537979639781,0.792624759735,0.733181462234,0.76635580551,0.800953940343,0.788638143376,0.79511639496,0.798462305119,0.794048551292,0.796540186517,0.798106357229,0.801452267388,0.800455613298,0.761799672528,0.798604684274,0.781020858546,0.795828290738,0.794048551292,0.800669182032
ZH,0.307692307692,0.923076923077,0.961538461538,0.846153846154,0.923076923077,0.961538461538,0.153846153846,0.230769230769,0.384615384615,0.384615384615,0.423076923077,0.769230769231,0.846153846154,0.846153846154,0.923076923077,0.807692307692,0.961538461538,0.884615384615,0.846153846154,0.884615384615,0.923076923077
N,0.917341534256,0.915820946523,0.915735520246,0.918964633521,0.91650435674,0.91770032462,0.919579702717,0.917956603451,0.915633008713,0.917546557321,0.916589783017,0.917068170169,0.917051084914,0.917392790022,0.918742525201,0.916470186229,0.91650435674,0.919648043738,0.917153596446,0.916230992653,0.916794806082
ER,0.724393774882,0.724755700326,0.623326094824,0.292164314151,0.493802026782,0.267100977199,0.781894679696,0.769046326457,0.779858849077,0.772891784292,0.729822656533,0.729370249729,0.784880564604,0.775199058994,0.779813608397,0.577497285559,0.435215345639,0.397303655447,0.501311979732,0.506017010496,0.315282301846
B,0.96431801055,0.965674453655,0.964883195177,0.965523737754,0.965674453655,0.96571213263,0.967445365486,0.965373021854,0.966880180859,0.965862848531,0.965184626978,0.966051243406,0.964657121326,0.963903541824,0.965448379804,0.966390354182,0.966390354182,0.96578749058,0.964657121326,0.801733232856,0.821966842502
D,0.826306350123,0.825394412864,0.825303219139,0.825333617047,0.828008633006,0.82615436058,0.826549533392,0.821229899383,0.838891084293,0.822293826185,0.817582150348,0.831078821777,0.857129829468,0.820682737028,0.84205246679,0.824330486063,0.810955406268,0.793081435997,0.796607593398,0.785481958841,0.705413867526
G,0.983196852068,0.943954057216,0.944804849516,0.943103264915,0.942784217803,0.941401680315,0.965330213762,0.966500053175,0.979580984792,0.982452408806,0.973306391577,0.944166755291,0.941082633202,0.940869935127,0.945868339892,0.945336594704,0.940338189939,0.939487397639,0.944698500479,0.944698500479,0.942252472615
F,0.681277270924,0.679426153643,0.6833267222,0.679426153643,0.682665608885,0.556789633743,0.696152320508,0.663030543435,0.656683855613,0.680087266958,0.585680285601,0.671625016528,0.663361100093,0.546476266032,0.665079994711,0.663493322756,0.682335052228,0.557582969721,0.674666137776,0.534444003702,0.580523601745
OY,0.971279373368,0.975195822454,0.968668407311,0.973890339426,0.969973890339,0.975195822454,0.971279373368,0.977806788512,0.976501305483,0.975195822454,0.976501305483,0.973890339426,0.972584856397,0.976501305483,0.977806788512,0.976501305483,0.975195822454,0.972584856397,0.972584856397,0.981723237598,0.971279373368
K,0.504219831207,0.588416463341,0.591256349746,0.593236270549,0.592456301748,0.592016319347,0.551337946482,0.557977680893,0.558237670493,0.528438862446,0.546318147274,0.589156433743,0.58735650574,0.589396424143,0.590436382545,0.590256389744,0.592016319347,0.591976320947,0.569077236911,0.570437182513,0.592396304148
M,0.903243828346,0.906421313593,0.904116763853,0.903558085129,0.906910157478,0.6635706554,0.905792800028,0.903872341911,0.904535772897,0.903139076085,0.664164251545,0.906107056811,0.906351478753,0.664862599951,0.905932469709,0.905478543245,0.905862634869,0.665002269632,0.905653130347,0.666992562589,0.687174831523
L,0.781472144156,0.779178376591,0.783104645396,0.780046288643,0.777752521078,0.780748884113,0.780211605224,0.780108282361,0.778620433129,0.779095718301,0.780190940651,0.780521573814,0.78368325343,0.782567366507,0.782216068772,0.778145147958,0.781637460737,0.779756984626,0.779694990908,0.781327492147,0.779033724583
NG,0.963216523555,0.962404270132,0.962172197726,0.175678811789,0.964957066605,0.133673706196,0.961359944303,0.963100487352,0.339521930842,0.194244604317,0.158737526108,0.964028776978,0.849617080529,0.133557669993,0.168020422372,0.89649570666,0.169296820608,0.132165235553,0.259224878162,0.257484335113,0.169877001625
W,0.861474322532,0.77676710252,0.785294675005,0.776198597688,0.783778662119,0.780367633125,0.809929884404,0.859768808035,0.834186090582,0.814098919841,0.855031267766,0.777904112185,0.765397005875,0.781883646011,0.778662118628,0.779609626682,0.785484176616,0.77904112185,0.780367633125,0.734129240099,0.788516202388
S,0.653167739723,0.651015276772,0.650158101261,0.654158253648,0.618537849061,0.654463027163,0.601032420283,0.649491409197,0.613032877443,0.620214103394,0.588993866433,0.652882014553,0.625128576327,0.651091470151,0.655034477504,0.616137757629,0.654024915235,0.65274867614,0.618366413959,0.633757476475,0.653186788068
SH,0.51393728223,0.511170321787,0.632199221152,0.68600122976,0.670834187333,0.513322402132,0.537200245952,0.636298421808,0.670321787251,0.682619389219,0.513834802214,0.654539864726,0.675035868006,0.509530641525,0.679852428776,0.666530026645,0.740110678418,0.639270342283,0.795347407256,0.672576347612,0.681594589055
UH,0.568114511352,0.304047384008,0.191510365252,0.639684106614,0.550839091807,0.515301085884,0.341559723593,0.311944718657,0.531095755183,0.652023692004,0.582428430405,0.292694965449,0.664363277394,0.455577492596,0.369693978282,0.667818361303,0.30602171767,0.43830207305,0.506416584403,0.612537018756,0.641658440276
TH,0.998036220816,0.997599825442,0.997599825442,0.998254418503,0.998036220816,0.678158411521,0.99847261619,0.998254418503,0.997818023129,0.997381627755,0.752563822823,0.998036220816,0.998254418503,0.68274056295,0.786820859699,0.997599825442,0.997818023129,0.688850098189,0.996727034693,0.68426794676,0.795548767183
V,0.819747846711,0.815004368993,0.814879540632,0.813631257022,0.953064536263,0.816252652603,0.819248533267,0.802396704531,0.950567969043,0.828485831981,0.757832979653,0.812882286856,0.949070028711,0.77605792036,0.824491324429,0.953563849707,0.813631257022,0.823243040819,0.955436275122,0.94282861066,0.607914118088
Y,0.680370210934,0.690486439948,0.68725785622,0.678433060697,0.681876883341,0.677356866121,0.693499784761,0.688118811881,0.687473095136,0.689195006457,0.706414119673,0.682953077916,0.678648299613,0.673697804563,0.691993112355,0.652819629789,0.688979767542,0.682307361171,0.682953077916,0.719113215669,0.675850193715
JH,0.643735460286,0.646726487205,0.648055832502,0.652708541044,0.748587570621,0.660019940179,0.692588899967,0.65320704553,0.740777666999,0.672316384181,0.649219009638,0.643901628448,0.729810568295,0.665337321369,0.662180126288,0.722831505484,0.690927218345,0.624792289797,0.728148886673,0.739282153539,0.655034895314
Z,0.811143446102,0.809536801261,0.807960470474,0.795380138232,0.7908936583,0.81938886868,0.811416272584,0.807172305081,0.793470352856,0.789499211835,0.823663150236,0.809294288832,0.795774220929,0.825512307506,0.792803443676,0.788347277798,0.791075542622,0.824906026434,0.773372135322,0.793197526373,0.804898751061
UW,0.699006875477,0.578304048892,0.418029029794,0.751107715814,0.717341482047,0.755691367456,0.768525592055,0.737662337662,0.765164247517,0.757372039725,0.748051948052,0.593430099312,0.753857906799,0.764094728801,0.741787624141,0.757983193277,0.761650114591,0.52192513369,0.744079449962,0.761650114591,0.678533231474
T,0.829793504529,0.833742656738,0.82997033224,0.649782894866,0.831188478692,0.492190109437,0.82315264161,0.833035345895,0.813525355129,0.729610782561,0.654203587638,0.829597029294,0.782501915634,0.555828437825,0.691828595006,0.827376859147,0.64854510089,0.489930644242,0.760398451775,0.755407980824,0.651511876928
